*---------------------------------------------------------------------------*
* Station name: Sevilla, Spain
* Year: 1987
* Author:                           -99.000: NIL VALUE
* Source: Ana Iglesias, Spain
*
* Longitude: 5 53 W, latitude: 37 25 N, altitude: 12 m.
*
* Column  Daily value
* 1       station number
* 2       year
* 3       day
* 4       irradiation                   (kJ m-2 d-1)
* 5       minimum temperature           (degrees Celsius)
* 6       maximum temperature           (degrees Celsius)
* 7       early morning vapour pressure (kPa)
* 8       mean wind speed (height: 2 m) (m s-1)
* 9       precipitation                 (mm d-1)
*
** WCCDESCRIPTION=Spain, SEvilla
** WCCFORMAT=2
** WCCYEARNR=1987
*---------------------------------------------------------------------------*
   -5.88  37.42  12.0   -0.21  -0.50
   1 1987   1  9800.  -1.2  14.0   1.014   1.4    .0
   1 1987   2 10400.  -1.4  15.0   1.014   1.4    .0
   1 1987   3 10900.   -.4  16.2   1.014   1.4    .0
   1 1987   4 10900.   2.0  14.6   1.014   1.4    .0
   1 1987   5 11000.   -.2  15.0   1.014   1.4    .0
   1 1987   6 10100.  -3.2  15.4   1.014   1.4    .0
   1 1987   7  5800.  -2.6  11.6   1.014   1.4    .0
   1 1987   8  7400.   2.4  14.6   1.014   1.4    .2
   1 1987   9  3800.   9.6  12.8   1.014   1.4  11.5
   1 1987  10 10200.   7.0  14.8   1.014   1.4   3.1
   1 1987  11 10800.   1.6  13.0   1.014   1.4    .0
   1 1987  12  3900.   3.6  12.4   1.014   1.4  44.2
   1 1987  13  3900.   6.4  13.6   1.014   1.4  19.0
   1 1987  14 11500.    .0   8.0   1.014   1.4    .0
   1 1987  15  5300.   1.0   5.8   1.014   1.4   2.2
   1 1987  16  9500.  -3.6   9.0   1.014   1.4    .0
   1 1987  17 10400.  -1.8  10.0   1.014   1.4    .0
   1 1987  18 11000.  -2.0  12.4   1.014   1.4    .0
   1 1987  19 11200.  -1.0  14.6   1.014   1.4    .0
   1 1987  20 10700.  -2.0  13.0   1.014   1.4    .0
   1 1987  21 11900.   1.6  14.4   1.014   1.4    .0
   1 1987  22 11100.   3.0  15.4   1.014   1.4    .0
   1 1987  23  6500.   6.6  16.4   1.014   1.4    .0
   1 1987  24  9000.   8.0  18.4   1.014   1.4    .0
   1 1987  25  5100.   7.0  16.0   1.014   1.4    .1
   1 1987  26  4400.  10.0  15.2   1.014   1.4   5.5
   1 1987  27  8100.  12.0  18.8   1.014   1.4   1.1
   1 1987  28  5500.  11.4  17.0   1.014   1.4   7.6
   1 1987  29  5500.   9.8  15.2   1.014   1.4  27.8
   1 1987  30  6300.   8.0  14.6   1.014   1.4   2.3
   1 1987  31  7700.   9.8  15.8   1.014   1.4   2.3
   1 1987  32  4900.  10.0  16.6   1.076   1.7    .0
   1 1987  33  4700.  11.2  13.8   1.076   1.7  21.2
   1 1987  34  7500.   7.8  17.2   1.076   1.7  13.0
   1 1987  35  9400.   3.8  15.4   1.076   1.7    .0
   1 1987  36 13900.   4.6  17.0   1.076   1.7    .0
   1 1987  37 13800.   3.4  18.0   1.076   1.7    .0
   1 1987  38 14100.   3.4  19.6   1.076   1.7    .0
   1 1987  39 14200.   5.0  22.4   1.076   1.7    .0
   1 1987  40  8900.   3.6  15.4   1.076   1.7    .4
   1 1987  41  5100.   6.6  10.0   1.076   1.7   8.2
   1 1987  42  8100.   8.6  15.4   1.076   1.7  15.1
   1 1987  43 10200.   7.0  13.6   1.076   1.7    .0
   1 1987  44  6300.   8.0  16.4   1.076   1.7   2.1
   1 1987  45 14400.   6.8  17.4   1.076   1.7    .0
   1 1987  46 14200.   4.8  18.4   1.076   1.7    .0
   1 1987  47  7700.   6.6  14.4   1.076   1.7    .0
   1 1987  48 13500.  11.4  19.6   1.076   1.7    .3
   1 1987  49  9900.   4.6  14.0   1.076   1.7   7.7
   1 1987  50 15300.    .0  11.8   1.076   1.7    .0
   1 1987  51 13400.    .0  11.6   1.076   1.7    .0
   1 1987  52  5700.   3.4   6.0   1.076   1.7  12.8
   1 1987  53 16900.    .2  13.6   1.076   1.7    .0
   1 1987  54  5800.   2.4   8.4   1.076   1.7   6.6
   1 1987  55  6200.   8.4  14.4   1.076   1.7   1.6
   1 1987  56 15200.   7.8  18.8   1.076   1.7   3.1
   1 1987  57 14600.   4.8  19.6   1.076   1.7    .0
   1 1987  58 16900.   5.6  23.6   1.076   1.7    .0
   1 1987  59 17800.   8.0  26.4   1.076   1.7    .0
   1 1987  60 17400.   8.4  27.8   1.267   2.0    .0
   1 1987  61 16800.   6.0  26.4   1.267   2.0    .0
   1 1987  62 16700.   7.0  26.0   1.267   2.0    .0
   1 1987  63 16500.   7.6  26.0   1.267   2.0    .0
   1 1987  64 16800.   7.4  26.0   1.267   2.0    .0
   1 1987  65 16900.   9.0  25.0   1.267   2.0    .0
   1 1987  66 16400.   8.2  22.8   1.267   2.0    .0
   1 1987  67 11500.  10.0  22.4   1.267   2.0    .0
   1 1987  68 12900.  13.0  20.0   1.267   2.0    .0
   1 1987  69 13300.  11.2  22.6   1.267   2.0    .0
   1 1987  70 17100.   8.4  23.6   1.267   2.0    .0
   1 1987  71 13500.   7.6  19.8   1.267   2.0    .0
   1 1987  72 12000.  10.6  19.0   1.267   2.0    .0
   1 1987  73 16700.   6.4  21.4   1.267   2.0    .0
   1 1987  74 15800.   5.8  20.4   1.267   2.0    .0
   1 1987  75 17800.   7.0  19.6   1.267   2.0    .0
   1 1987  76 19100.   4.2  20.2   1.267   2.0    .0
   1 1987  77 18000.   4.2  20.4   1.267   2.0    .0
   1 1987  78 14900.   7.2  20.2   1.267   2.0    .0
   1 1987  79 18300.   8.6  19.6   1.267   2.0    .0
   1 1987  80 17900.   2.4  19.0   1.267   2.0    .0
   1 1987  81 19300.   3.8  20.0   1.267   2.0    .0
   1 1987  82 18700.   3.0  21.2   1.267   2.0    .0
   1 1987  83 12500.   5.8  20.0   1.267   2.0    .0
   1 1987  84  8000.  10.0  15.0   1.267   2.0  11.7
   1 1987  85 16400.  13.4  21.4   1.267   2.0    .0
   1 1987  86 14300.  10.4  22.6   1.267   2.0    .0
   1 1987  87 14700.  11.6  20.4   1.267   2.0    .0
   1 1987  88 20600.   6.4  18.0   1.267   2.0    .0
   1 1987  89 21600.   4.8  18.4   1.267   2.0    .0
   1 1987  90 19300.   3.8  21.0   1.267   2.0    .0
   1 1987  91 21100.   2.4  22.8   1.406   1.7    .0
   1 1987  92 14200.   8.2  16.6   1.406   1.7    .1
   1 1987  93  8300.   6.4  12.0   1.406   1.7  29.1
   1 1987  94  9200.   5.2  14.0   1.406   1.7   9.9
   1 1987  95  9200.  11.8  17.0   1.406   1.7  13.5
   1 1987  96 14000.  14.0  21.6   1.406   1.7   5.7
   1 1987  97 15800.  13.0  22.6   1.406   1.7    .0
   1 1987  98 15100.  14.8  22.0   1.406   1.7   6.4
   1 1987  99 22300.  13.4  20.0   1.406   1.7    .0
   1 1987 100 19400.   6.6  19.4   1.406   1.7    .0
   1 1987 101 20000.   6.6  21.0   1.406   1.7    .0
   1 1987 102 23200.   8.0  24.0   1.406   1.7    .0
   1 1987 103 24000.   8.6  26.2   1.406   1.7    .0
   1 1987 104 24800.   8.6  26.6   1.406   1.7    .0
   1 1987 105 22200.   9.4  26.0   1.406   1.7    .0
   1 1987 106 23200.  10.0  24.2   1.406   1.7    .0
   1 1987 107 25300.   8.0  25.6   1.406   1.7    .0
   1 1987 108 25600.   9.6  26.2   1.406   1.7    .0
   1 1987 109 22900.   9.4  27.6   1.406   1.7    .0
   1 1987 110 24700.   9.8  29.4   1.406   1.7    .0
   1 1987 111 10200.  12.4  26.0   1.406   1.7    .3
   1 1987 112 22900.  14.6  28.4   1.406   1.7    .0
   1 1987 113 11200.  13.0  25.8   1.406   1.7    .0
   1 1987 114 23500.  11.0  22.0   1.406   1.7    .0
   1 1987 115 26000.   7.4  25.4   1.406   1.7    .0
   1 1987 116 21800.   9.4  30.6   1.406   1.7    .0
   1 1987 117 24400.  11.4  27.0   1.406   1.7    .0
   1 1987 118 24100.  12.8  24.6   1.406   1.7    .0
   1 1987 119 25900.  11.8  26.0   1.406   1.7    .0
   1 1987 120 20500.   9.2  27.6   1.406   1.7    .0
   1 1987 121 27200.  13.4  29.0   1.566   1.7    .0
   1 1987 122 27100.  11.4  29.4   1.566   1.7    .0
   1 1987 123 22600.  14.0  30.4   1.566   1.7    .0
   1 1987 124 28400.  15.0  27.4   1.566   1.7    .0
   1 1987 125 27500.   8.6  24.6   1.566   1.7    .0
   1 1987 126 28600.   7.4  27.0   1.566   1.7    .0
   1 1987 127 29500.   8.2  30.0   1.566   1.7    .0
   1 1987 128 28100.   8.6  29.0   1.566   1.7    .0
   1 1987 129 26600.  10.4  29.8   1.566   1.7    .0
   1 1987 130 24600.  13.2  27.6   1.566   1.7    .0
   1 1987 131 26300.  14.2  27.4   1.566   1.7    .0
   1 1987 132 28500.  11.2  29.2   1.566   1.7    .0
   1 1987 133 29000.   9.6  27.0   1.566   1.7    .0
   1 1987 134 28600.  12.6  25.0   1.566   1.7    .0
   1 1987 135 27800.   9.4  25.6   1.566   1.7    .0
   1 1987 136 15300.  12.6  22.6   1.566   1.7   1.7
   1 1987 137 15600.  11.6  20.6   1.566   1.7    .0
   1 1987 138 21400.  12.6  24.0   1.566   1.7    .0
   1 1987 139 28300.  11.6  27.8   1.566   1.7    .0
   1 1987 140 28500.  10.6  30.2   1.566   1.7    .0
   1 1987 141 28000.  13.8  31.0   1.566   1.7    .0
   1 1987 142 20700.   9.6  24.6   1.566   1.7    .0
   1 1987 143 20400.  14.2  24.8   1.566   1.7   3.0
   1 1987 144 23500.  12.8  25.0   1.566   1.7    .0
   1 1987 145 18100.   9.6  27.4   1.566   1.7    .0
   1 1987 146 27300.  12.4  27.4   1.566   1.7    .0
   1 1987 147 22800.  11.8  28.0   1.566   1.7    .0
   1 1987 148 28700.  11.0  30.8   1.566   1.7    .0
   1 1987 149 29500.  11.0  31.0   1.566   1.7    .0
   1 1987 150 26500.  11.8  35.2   1.566   1.7    .0
   1 1987 151 27300.  13.0  33.4   1.566   1.7    .0
   1 1987 152 30100.  13.0  34.4   1.886   1.7    .0
   1 1987 153 30200.  14.0  34.0   1.886   1.7    .0
   1 1987 154 30500.  14.8  34.0   1.886   1.7    .0
   1 1987 155 31000.  17.0  33.2   1.886   1.7    .0
   1 1987 156 30900.  15.0  34.6   1.886   1.7    .0
   1 1987 157 30400.  16.0  35.0   1.886   1.7    .0
   1 1987 158 28200.  15.4  34.6   1.886   1.7    .0
   1 1987 159 30500.  14.8  27.0   1.886   1.7    .0
   1 1987 160 30800.  10.6  26.2   1.886   1.7    .0
   1 1987 161 30900.  12.0  27.0   1.886   1.7    .0
   1 1987 162 30200.  12.0  29.4   1.886   1.7    .0
   1 1987 163 29500.  13.4  30.0   1.886   1.7    .0
   1 1987 164 25700.  17.4  27.6   1.886   1.7    .0
   1 1987 165 27500.  17.2  25.4   1.886   1.7    .3
   1 1987 166 30600.  10.6  26.2   1.886   1.7    .0
   1 1987 167 31000.  10.8  31.6   1.886   1.7    .0
   1 1987 168 31000.  11.8  32.8   1.886   1.7    .0
   1 1987 169 30100.  14.6  32.0   1.886   1.7    .0
   1 1987 170 26000.  13.4  32.6   1.886   1.7    .0
   1 1987 171 31300.  18.0  34.0   1.886   1.7    .0
   1 1987 172 29700.  17.0  37.6   1.886   1.7    .0
   1 1987 173 25300.  18.4  35.4   1.886   1.7    .0
   1 1987 174 30100.  17.8  36.0   1.886   1.7    .0
   1 1987 175 30700.  17.0  36.0   1.886   1.7    .0
   1 1987 176 23200.  19.0  35.4   1.886   1.7    .0
   1 1987 177 28000.  20.0  36.6   1.886   1.7    .0
   1 1987 178 29800.  19.4  39.2   1.886   1.7    .0
   1 1987 179 29300.  20.0  38.4   1.886   1.7    .0
   1 1987 180 21600.  21.0  34.4   1.886   1.7    .0
   1 1987 181 22000.  20.0  34.0   1.886   1.7    .0
   1 1987 182 30000.  18.4  36.2   2.079   1.7    .0
   1 1987 183 30000.  18.6  38.2   2.079   1.7    .0
   1 1987 184 28400.  20.0  39.4   2.079   1.7    .0
   1 1987 185 27200.  21.6  36.0   2.079   1.7    .2
   1 1987 186 22300.  20.6  32.0   2.079   1.7   1.4
   1 1987 187 25900.  20.0  33.4   2.079   1.7    .0
   1 1987 188 29200.  19.6  36.6   2.079   1.7    .0
   1 1987 189 29000.  20.0  39.0   2.079   1.7    .0
   1 1987 190 16300.  21.8  33.8   2.079   1.7    .0
   1 1987 191 26600.  21.4  35.6   2.079   1.7   7.7
   1 1987 192 26300.  20.8  35.6   2.079   1.7  14.6
   1 1987 193 26300.  21.0  34.0   2.079   1.7  17.4
   1 1987 194 26400.  18.6  33.0   2.079   1.7   1.4
   1 1987 195 24400.  20.6  33.6   2.079   1.7   2.1
   1 1987 196 29600.  18.4  33.4   2.079   1.7    .0
   1 1987 197 24600.  17.6  31.4   2.079   1.7    .0
   1 1987 198 30000.  19.6  32.6   2.079   1.7    .0
   1 1987 199 29800.  20.0  32.0   2.079   1.7    .0
   1 1987 200 29900.  15.6  34.0   2.079   1.7    .0
   1 1987 201 29500.  16.4  33.8   2.079   1.7    .0
   1 1987 202 29700.  18.0  32.6   2.079   1.7    .0
   1 1987 203 29000.  16.2  30.4   2.079   1.7    .0
   1 1987 204 24200.  17.6  28.4   2.079   1.7    .0
   1 1987 205 23500.  16.4  28.6   2.079   1.7    .0
   1 1987 206 22400.  16.0  29.6   2.079   1.7   1.0
   1 1987 207 29300.  15.0  33.6   2.079   1.7    .0
   1 1987 208 28600.  16.0  37.4   2.079   1.7    .0
   1 1987 209 28400.  19.4  38.0   2.079   1.7    .0
   1 1987 210 26800.  18.6  34.4   2.079   1.7    .0
   1 1987 211 24000.  20.2  33.4   2.079   1.7    .0
   1 1987 212 28800.  18.6  37.0   2.079   1.7    .0
   1 1987 213 28600.  18.6  37.6   2.180   1.4    .0
   1 1987 214 28100.  18.4  40.0   2.180   1.4    .0
   1 1987 215 15100.  20.0  33.4   2.180   1.4    .0
   1 1987 216 26800.  18.6  37.0   2.180   1.4    .0
   1 1987 217 21600.  20.4  32.6   2.180   1.4    .0
   1 1987 218 28500.  16.6  31.6   2.180   1.4    .0
   1 1987 219 27500.  18.0  31.2   2.180   1.4    .0
   1 1987 220 27500.  18.4  33.6   2.180   1.4    .0
   1 1987 221 14600.  18.0  30.6   2.180   1.4    .0
   1 1987 222 21500.  19.8  36.0   2.180   1.4    .0
   1 1987 223 21400.  21.8  39.0   2.180   1.4    .0
   1 1987 224 22400.  22.0  37.0   2.180   1.4    .0
   1 1987 225 20700.  21.6  32.0   2.180   1.4    .0
   1 1987 226  9700.  20.0  30.4   2.180   1.4    .0
   1 1987 227 19600.  20.6  33.4   2.180   1.4    .0
   1 1987 228 25700.  19.2  34.0   2.180   1.4    .0
   1 1987 229 25800.  18.2  38.0   2.180   1.4    .0
   1 1987 230 25900.  19.4  40.2   2.180   1.4    .0
   1 1987 231 25800.  20.0  39.6   2.180   1.4    .0
   1 1987 232 26200.  21.4  40.8   2.180   1.4    .0
   1 1987 233 18000.  21.0  40.4   2.180   1.4    .0
   1 1987 234 25700.  20.2  36.0   2.180   1.4    .0
   1 1987 235 25800.  18.0  34.0   2.180   1.4    .0
   1 1987 236 25600.  15.6  31.8   2.180   1.4    .0
   1 1987 237 25500.  15.0  34.0   2.180   1.4    .0
   1 1987 238 21100.  16.4  35.4   2.180   1.4    .0
   1 1987 239 23000.  20.4  30.2   2.180   1.4    .0
   1 1987 240  9800.  19.8  33.6   2.180   1.4   2.6
   1 1987 241  8900.  17.8  21.0   2.180   1.4  25.4
   1 1987 242 15100.  17.4  29.6   2.180   1.4   3.3
   1 1987 243 22000.  20.2  29.2   2.180   1.4    .0
   1 1987 244 21500.  19.0  30.4   1.984   1.4    .0
   1 1987 245 22100.  18.6  32.4   1.984   1.4    .0
   1 1987 246 22700.  19.4  34.0   1.984   1.4    .0
   1 1987 247 21300.  19.0  33.8   1.984   1.4    .0
   1 1987 248 21500.  17.4  35.6   1.984   1.4    .0
   1 1987 249 22900.  17.8  38.2   1.984   1.4    .0
   1 1987 250 22700.  19.0  37.8   1.984   1.4    .0
   1 1987 251 22100.  19.2  38.0   1.984   1.4    .0
   1 1987 252 18600.  18.0  36.4   1.984   1.4    .0
   1 1987 253 22200.  18.0  36.0   1.984   1.4    .0
   1 1987 254 21100.  19.0  37.2   1.984   1.4    .0
   1 1987 255 20900.  19.6  39.2   1.984   1.4    .0
   1 1987 256 21600.  18.8  38.8   1.984   1.4    .0
   1 1987 257 21100.  18.4  39.0   1.984   1.4    .0
   1 1987 258 20800.  18.4  38.6   1.984   1.4    .0
   1 1987 259 20700.  16.6  37.0   1.984   1.4    .0
   1 1987 260 20300.  17.8  36.8   1.984   1.4    .0
   1 1987 261 19900.  18.0  37.4   1.984   1.4    .0
   1 1987 262 14600.  18.4  34.6   1.984   1.4    .0
   1 1987 263 11800.  18.2  29.2   1.984   1.4   1.2
   1 1987 264 16700.  19.6  29.4   1.984   1.4    .0
   1 1987 265 17900.  17.4  31.0   1.984   1.4    .0
   1 1987 266 18300.  15.6  31.6   1.984   1.4    .0
   1 1987 267 15000.  19.4  29.6   1.984   1.4    .0
   1 1987 268 12200.  18.6  29.0   1.984   1.4   6.9
   1 1987 269 12900.  19.2  25.6   1.984   1.4    .9
   1 1987 270 13700.  16.0  27.6   1.984   1.4    .0
   1 1987 271 19400.  16.2  32.0   1.984   1.4    .0
   1 1987 272 19000.  16.6  33.0   1.984   1.4    .0
   1 1987 273 16100.  20.0  31.0   1.984   1.4    .0
   1 1987 274 16500.  17.0  30.6   1.703   1.4    .0
   1 1987 275 13300.  19.2  27.6   1.703   1.4    .1
   1 1987 276 13200.  15.0  24.6   1.703   1.4    .1
   1 1987 277 12500.  12.6  25.4   1.703   1.4   2.5
   1 1987 278 15400.  14.0  22.4   1.703   1.4    .0
   1 1987 279  9700.  12.4  23.4   1.703   1.4    .0
   1 1987 280 11300.  15.0  24.8   1.703   1.4    .5
   1 1987 281 12100.  17.0  25.4   1.703   1.4    .0
   1 1987 282  7800.  16.2  22.4   1.703   1.4  10.1
   1 1987 283 13500.   9.0  19.0   1.703   1.4   6.8
   1 1987 284 10900.   6.4  18.6   1.703   1.4    .0
   1 1987 285 13500.   9.4  23.2   1.703   1.4    .0
   1 1987 286 16200.   7.8  23.4   1.703   1.4    .0
   1 1987 287  7600.   9.0  21.4   1.703   1.4    .0
   1 1987 288  6700.  14.4  23.2   1.703   1.4    .0
   1 1987 289  9000.  15.4  21.2   1.703   1.4  18.6
   1 1987 290 16500.  11.0  22.4   1.703   1.4    .0
   1 1987 291 10200.  11.0  22.6   1.703   1.4    .0
   1 1987 292  6700.  14.2  22.8   1.703   1.4    .1
   1 1987 293 11200.  12.2  20.2   1.703   1.4   1.6
   1 1987 294  9000.   8.4  20.2   1.703   1.4    .0
   1 1987 295  6900.  13.2  20.0   1.703   1.4  29.9
   1 1987 296 10400.  15.0  21.6   1.703   1.4    .3
   1 1987 297  5400.  15.2  16.8   1.703   1.4  34.1
   1 1987 298  7600.  15.2  24.0   1.703   1.4    .0
   1 1987 299  5300.  15.6  21.0   1.703   1.4   1.2
   1 1987 300  7400.  13.6  19.8   1.703   1.4   1.3
   1 1987 301 14300.   8.6  17.6   1.703   1.4    .0
   1 1987 302 14700.   6.2  18.8   1.703   1.4    .0
   1 1987 303 13500.   7.2  21.2   1.703   1.4    .0
   1 1987 304  9500.  11.0  22.8   1.703   1.4    .0
   1 1987 305  8500.  11.0  22.6   1.253   1.4    .0
   1 1987 306  5400.  12.2  20.6   1.253   1.4   1.8
   1 1987 307  4900.  14.0  18.0   1.253   1.4   7.8
   1 1987 308  6700.  12.4  20.2   1.253   1.4    .0
   1 1987 309 11900.  14.8  24.2   1.253   1.4    .6
   1 1987 310  4800.  14.4  20.6   1.253   1.4   3.9
   1 1987 311  4700.  13.8  18.0   1.253   1.4  71.4
   1 1987 312  6400.  13.2  19.4   1.253   1.4    .0
   1 1987 313  5300.  12.2  17.4   1.253   1.4    .0
   1 1987 314 12800.   8.5  18.4   1.253   1.4    .0
   1 1987 315 10400.   8.8  19.4   1.253   1.4    .0
   1 1987 316 12400.   6.4  20.6   1.253   1.4    .0
   1 1987 317 12300.   6.2  19.4   1.253   1.4    .1
   1 1987 318 12200.   9.4  17.8   1.253   1.4    .6
   1 1987 319 12900.   4.6  17.0   1.253   1.4    .0
   1 1987 320 12100.   4.4  20.0   1.253   1.4    .0
   1 1987 321 12000.   7.6  21.6   1.253   1.4    .0
   1 1987 322 12200.   5.4  20.4   1.253   1.4    .0
   1 1987 323 12200.   3.6  20.0   1.253   1.4    .0
   1 1987 324 12100.   4.4  21.4   1.253   1.4    .0
   1 1987 325 11900.   5.0  19.0   1.253   1.4    .0
   1 1987 326 10900.   4.0  18.4   1.253   1.4    .0
   1 1987 327  6700.   3.0  15.0   1.253   1.4    .7
   1 1987 328 11200.   2.0  13.4   1.253   1.4    .0
   1 1987 329  7900.   1.4  11.8   1.253   1.4    .0
   1 1987 330 11000.   -.4  13.6   1.253   1.4    .0
   1 1987 331 10600.  -1.0  13.8   1.253   1.4    .0
   1 1987 332 10700.  -1.0  14.0   1.253   1.4    .0
   1 1987 333 10600.   2.0  15.4   1.253   1.4    .0
   1 1987 334  5500.   2.2  12.4   1.253   1.4    .0
   1 1987 335  3800.   6.0  13.2   1.073   1.4    .0
   1 1987 336  8200.   8.2  16.6   1.073   1.4   5.4
   1 1987 337  5300.   9.4  18.0   1.073   1.4  19.0
   1 1987 338  5100.   9.2  14.8   1.073   1.4  42.5
   1 1987 339  5900.   6.2  13.0   1.073   1.4    .3
   1 1987 340  9000.  10.2  16.6   1.073   1.4   1.7
   1 1987 341  4300.   7.2  14.4   1.073   1.4    .0
   1 1987 342  7200.   7.6  15.2   1.073   1.4  10.0
   1 1987 343  6100.  11.6  17.0   1.073   1.4  10.0
   1 1987 344  3700.  11.4  15.8   1.073   1.4   6.3
   1 1987 345  3700.  12.8  14.6   1.073   1.4  19.9
   1 1987 346  3700.  12.4  15.8   1.073   1.4  22.6
   1 1987 347  4000.  11.0  16.2   1.073   1.4  55.0
   1 1987 348  4300.  11.0  15.8   1.073   1.4   2.2
   1 1987 349  3700.  13.8  17.4   1.073   1.4  33.0
   1 1987 350  3600.  14.4  18.0   1.073   1.4    .9
   1 1987 351  9300.  12.0  20.0   1.073   1.4    .0
   1 1987 352  9900.  11.0  19.8   1.073   1.4    .0
   1 1987 353  4100.  10.8  16.0   1.073   1.4   1.3
   1 1987 354  7300.  10.5  17.6   1.073   1.4    .0
   1 1987 355  6200.   7.4  18.0   1.073   1.4    .0
   1 1987 356  4400.   9.0  16.0   1.073   1.4    .0
   1 1987 357  7300.   9.0  16.0   1.073   1.4    .0
   1 1987 358  9900.   6.0  15.0   1.073   1.4    .0
   1 1987 359  9300.   6.2  15.0   1.073   1.4    .0
   1 1987 360 10400.   4.8  16.0   1.073   1.4    .0
   1 1987 361 10700.   5.8  16.0   1.073   1.4    .0
   1 1987 362 10600.   5.8  16.6   1.073   1.4    .0
   1 1987 363 10700.   4.4  15.6   1.073   1.4    .0
   1 1987 364 10900.   2.4  14.8   1.073   1.4    .0
   1 1987 365  5400.   3.0  12.2   1.073   1.4   8.6
   1 1988   1  4300.   7.8  16.1   1.014   1.4   4.3
   1 1988   2  7400.  10.0  15.6   1.014   1.4    .5
   1 1988   3  6100.   5.6  13.3   1.014   1.4    .0
   1 1988   4  9100.   2.2  12.8   1.014   1.4    .0
   1 1988   5  3800.   2.8   9.4   1.014   1.4   3.3
   1 1988   6  9600.   2.2  11.7   1.014   1.4    .0
   1 1988   7  3800.    .6   8.9   1.014   1.4  18.3
   1 1988   8  3800.   5.0   9.4   1.014   1.4   5.3
   1 1988   9  3800.   5.0  13.3   1.014   1.4    .0
   1 1988  10 10100.   2.2  15.0   1.014   1.4    .0
   1 1988  11 10400.   2.8  15.6   1.014   1.4    .0
   1 1988  12 10300.   2.2  15.6   1.014   1.4    .0
   1 1988  13 11200.   4.4  15.0   1.014   1.4    .0
   1 1988  14 11200.   1.7  16.1   1.014   1.4    .0
   1 1988  15 11100.    .6  15.6   1.014   1.4    .0
   1 1988  16  5800.   3.3  13.9   1.014   1.4    .0
   1 1988  17  9400.   1.1  14.4   1.014   1.4    .0
   1 1988  18 11500.   2.8  16.7   1.014   1.4    .0
   1 1988  19 11100.   2.8  17.2   1.014   1.4    .0
   1 1988  20  9400.    .6  15.6   1.014   1.4    .0
   1 1988  21  4200.   6.1  10.6   1.014   1.4    .5
   1 1988  22  8100.   6.7  13.9   1.014   1.4    .0
   1 1988  23  4600.   5.0  12.8   1.014   1.4    .0
   1 1988  24  8100.   8.9  17.2   1.014   1.4    .0
   1 1988  25 11400.   5.0  15.0   1.014   1.4    .0
   1 1988  26 12200.   1.7  13.9   1.014   1.4    .0
   1 1988  27 11900.    .0  15.0   1.014   1.4    .0
   1 1988  28  6100.   2.2  13.3   1.014   1.4   1.5
   1 1988  29  5200.   5.0  14.4   1.014   1.4  14.2
   1 1988  30 10700.   4.4  12.8   1.014   1.4    .0
   1 1988  31 12000.    .6  11.1   1.014   1.4    .0
   1 1988  32  7100.    .6  10.0   1.076   1.7   1.8
   1 1988  33  8200.   3.9  11.7   1.076   1.7    .0
   1 1988  34  4700.   1.1   7.8   1.076   1.7   1.0
   1 1988  35  6000.   3.3  11.1   1.076   1.7   5.1
   1 1988  36 10200.    .6  11.1   1.076   1.7    .0
   1 1988  37  9400.   2.2  11.7   1.076   1.7    .0
   1 1988  38  4900.   -.6  10.0   1.076   1.7   7.6
   1 1988  39  5000.   5.6  10.6   1.076   1.7    .5
   1 1988  40 13000.   1.1  11.7   1.076   1.7    .0
   1 1988  41 13800.  -1.1  12.8   1.076   1.7    .0
   1 1988  42  5100.   1.7   8.3   1.076   1.7    .5
   1 1988  43  8900.   5.0  10.6   1.076   1.7    .0
   1 1988  44  5200.   4.4  12.2   1.076   1.7  29.7
   1 1988  45  5900.  12.2  18.3   1.076   1.7   5.3
   1 1988  46  5600.  10.6  12.8   1.076   1.7   6.1
   1 1988  47  5900.  11.1  16.7   1.076   1.7   7.1
   1 1988  48 10100.   7.8  13.3   1.076   1.7   2.8
   1 1988  49  9700.   8.3  16.1   1.076   1.7    .0
   1 1988  50  9300.   7.2  15.0   1.076   1.7  11.2
   1 1988  51  7600.  10.0  13.9   1.076   1.7  13.2
   1 1988  52  6000.  10.6  15.6   1.076   1.7   1.5
   1 1988  53  6000.  10.0  16.7   1.076   1.7    .0
   1 1988  54 14300.   9.4  18.9   1.076   1.7    .0
   1 1988  55  5800.   8.9  13.3   1.076   1.7    .0
   1 1988  56 15000.   9.4  17.2   1.076   1.7    .0
   1 1988  57 15300.   6.1  18.3   1.076   1.7    .0
   1 1988  58 13800.   5.6  18.3   1.076   1.7    .0
   1 1988  59 10400.   6.1  18.3   1.076   1.7    .3
   1 1988  60  6200.  11.1  15.6   1.267   2.0   8.1
   1 1988  61 16500.   8.3  17.2   1.267   2.0    .5
   1 1988  62  8400.   8.3  17.8   1.267   2.0  14.2
   1 1988  63  6600.  10.6  15.0   1.267   2.0   7.9
   1 1988  64 13000.  10.6  18.9   1.267   2.0    .0
   1 1988  65 12500.  11.1  19.4   1.267   2.0    .0
   1 1988  66  7700.  10.6  14.4   1.267   2.0   5.8
   1 1988  67  7300.   8.3  13.3   1.267   2.0   6.1
   1 1988  68 11000.   7.2  16.1   1.267   2.0    .0
   1 1988  69 17100.   7.2  17.8   1.267   2.0    .0
   1 1988  70 17900.   3.9  17.8   1.267   2.0    .0
   1 1988  71 17500.   3.9  17.8   1.267   2.0   4.6
   1 1988  72 18000.   7.2  16.1   1.267   2.0    .0
   1 1988  73 18900.   2.8  17.2   1.267   2.0    .0
   1 1988  74 19000.   4.4  19.4   1.267   2.0    .0
   1 1988  75 17500.   4.4  19.4   1.267   2.0    .0
   1 1988  76 16200.   6.1  19.4   1.267   2.0    .0
   1 1988  77 11200.   8.9  18.9   1.267   2.0    .3
   1 1988  78 13700.   7.2  20.6   1.267   2.0    .0
   1 1988  79 19700.   6.7  22.2   1.267   2.0    .0
   1 1988  80 17900.   7.2  21.7   1.267   2.0    .0
   1 1988  81 20500.   4.4  20.6   1.267   2.0    .0
   1 1988  82 20100.   4.4  23.3   1.267   2.0    .0
   1 1988  83 15400.   7.2  21.1   1.267   2.0    .0
   1 1988  84 18100.   7.8  17.2   1.267   2.0    .0
   1 1988  85 20300.   2.2  17.2   1.267   2.0    .0
   1 1988  86 21400.   2.8  22.8   1.267   2.0    .0
   1 1988  87 18400.   3.9  22.2   1.267   2.0    .0
   1 1988  88 21500.   3.3  20.0   1.267   2.0    .0
   1 1988  89 21100.   3.9  22.2   1.267   2.0    .0
   1 1988  90 21800.   4.4  24.4   1.267   2.0    .0
   1 1988  91 20900.   5.6  26.1   1.406   1.7    .0
   1 1988  92  8200.  10.6  15.6   1.406   1.7   8.4
   1 1988  93 15800.   9.4  18.3   1.406   1.7    .0
   1 1988  94 19600.   7.2  19.4   1.406   1.7    .0
   1 1988  95  8400.   7.8  13.3   1.406   1.7   4.6
   1 1988  96 10900.  10.6  16.1   1.406   1.7   4.6
   1 1988  97 10600.   5.6  13.3   1.406   1.7    .0
   1 1988  98 19400.   1.7  13.3   1.406   1.7   2.3
   1 1988  99 21700.   3.9  16.1   1.406   1.7    .0
   1 1988 100 18700.   2.8  18.9   1.406   1.7    .0
   1 1988 101 15400.   5.0  17.8   1.406   1.7   1.8
   1 1988 102 11000.   3.9  12.8   1.406   1.7    .0
   1 1988 103 24200.    .0  17.2   1.406   1.7    .0
   1 1988 104  9000.   5.0  17.8   1.406   1.7   4.1
   1 1988 105 19300.   7.8  17.2   1.406   1.7    .0
   1 1988 106 13400.   7.2  17.8   1.406   1.7    .5
   1 1988 107 21600.   6.1  17.2   1.406   1.7    .0
   1 1988 108 24000.   2.8  17.2   1.406   1.7    .0
   1 1988 109 22900.    .6  19.4   1.406   1.7    .0
   1 1988 110 25900.   4.4  21.7   1.406   1.7    .0
   1 1988 111 23800.   5.6  20.0   1.406   1.7   1.3
   1 1988 112 15100.  10.6  19.4   1.406   1.7    .0
   1 1988 113 12500.   8.3  17.2   1.406   1.7   2.0
   1 1988 114 17400.  10.0  19.4   1.406   1.7  12.7
   1 1988 115 16300.   8.3  18.3   1.406   1.7   2.0
   1 1988 116 18600.   6.7  15.0   1.406   1.7   4.1
   1 1988 117 26000.   2.8  19.4   1.406   1.7    .0
   1 1988 118 24100.   6.7  20.6   1.406   1.7    .0
   1 1988 119 24500.   5.6  24.4   1.406   1.7    .0
   1 1988 120 27400.   8.3  27.2   1.406   1.7    .0
   1 1988 121 27500.   8.3  27.8   1.566   1.7    .0
   1 1988 122 26500.   8.9  26.1   1.566   1.7    .0
   1 1988 123 27000.   7.8  22.2   1.566   1.7    .0
   1 1988 124 12900.   7.2  18.3   1.566   1.7   7.9
   1 1988 125 10200.  12.8  17.8   1.566   1.7   1.8
   1 1988 126 19200.  11.1  21.7   1.566   1.7    .0
   1 1988 127 26900.   7.8  23.9   1.566   1.7    .0
   1 1988 128 27400.   7.2  28.3   1.566   1.7    .0
   1 1988 129 28200.   9.4  32.8   1.566   1.7    .0
   1 1988 130 28800.  12.2  33.3   1.566   1.7    .0
   1 1988 131 27600.  12.8  34.4   1.566   1.7    .0
   1 1988 132 28000.  12.8  33.3   1.566   1.7    .0
   1 1988 133 22400.  12.8  30.0   1.566   1.7    .0
   1 1988 134 22700.  13.3  26.7   1.566   1.7    .0
   1 1988 135 25800.   9.4  30.0   1.566   1.7    .0
   1 1988 136 23600.  15.6  31.1   1.566   1.7    .0
   1 1988 137 28700.  13.9  32.8   1.566   1.7    .0
   1 1988 138 15700.  16.7  32.8   1.566   1.7    .0
   1 1988 139 23700.  16.7  31.7   1.566   1.7    .0
   1 1988 140 23600.  17.8  30.6   1.566   1.7    .0
   1 1988 141 28000.  11.7  31.7   1.566   1.7    .0
   1 1988 142 25300.  15.6  33.3   1.566   1.7    .0
   1 1988 143 16400.  16.1  30.0   1.566   1.7    .0
   1 1988 144 14400.  17.2  34.4   1.566   1.7    .0
   1 1988 145 26500.  16.7  36.7   1.566   1.7    .0
   1 1988 146 28500.  16.7  34.4   1.566   1.7    .0
   1 1988 147 28800.  14.4  36.1   1.566   1.7    .0
   1 1988 148 25500.  16.1  34.4   1.566   1.7    .0
   1 1988 149 28700.  16.1  31.1   1.566   1.7    .0
   1 1988 150 11100.  13.9  20.0   1.566   1.7   4.8
   1 1988 151 29200.  11.1  27.2   1.566   1.7    .0
   1 1988 152 26000.  11.7  31.7   1.886   1.7    .0
   1 1988 153 26100.  13.9  31.7   1.886   1.7    .0
   1 1988 154 28000.  14.4  31.7   1.886   1.7    .0
   1 1988 155 28400.  14.4  32.2   1.886   1.7    .0
   1 1988 156 28600.  14.4  32.8   1.886   1.7    .0
   1 1988 157 11200.  17.2  23.9   1.886   1.7  17.5
   1 1988 158 11700.  17.2  23.3   1.886   1.7    .0
   1 1988 159 27300.  14.4  30.0   1.886   1.7    .0
   1 1988 160 29000.  16.1  32.8   1.886   1.7    .0
   1 1988 161 27600.  16.1  31.7   1.886   1.7    .0
   1 1988 162 29600.  14.4  33.9   1.886   1.7    .0
   1 1988 163 29500.  15.6  37.2   1.886   1.7    .0
   1 1988 164 30200.  17.8  37.2   1.886   1.7    .0
   1 1988 165 29800.  16.1  34.4   1.886   1.7    .0
   1 1988 166 28300.  18.3  31.7   1.886   1.7    .0
   1 1988 167 30000.  16.1  31.7   1.886   1.7    .0
   1 1988 168 23500.  17.2  32.2   1.886   1.7    .0
   1 1988 169 26300.  17.8  33.9   1.886   1.7    .0
   1 1988 170 28600.  18.3  30.0   1.886   1.7    .0
   1 1988 171 19100.  18.9  28.3   1.886   1.7    .0
   1 1988 172 29700.  12.2  27.8   1.886   1.7    .0
   1 1988 173 29700.  11.7  27.8   1.886   1.7    .0
   1 1988 174 26400.  14.4  28.3   1.886   1.7    .0
   1 1988 175 28800.  14.4  32.2   1.886   1.7    .0
   1 1988 176 28500.  16.1  32.8   1.886   1.7    .0
   1 1988 177 28100.  17.2  30.6   1.886   1.7    .0
   1 1988 178 26900.  16.7  35.0   1.886   1.7    .0
   1 1988 179 29200.  16.7  35.0   1.886   1.7    .0
   1 1988 180 30200.  14.4  32.8   1.886   1.7    .0
   1 1988 181 29900.  16.1  34.4   1.886   1.7    .0
   1 1988 182 26000.  16.1  36.7   2.079   1.7    .0
   1 1988 183 28300.  18.3  36.7   2.079   1.7    .0
   1 1988 184 27900.  18.9  36.1   2.079   1.7    .0
   1 1988 185 27800.  20.0  37.8   2.079   1.7    .0
   1 1988 186 27900.  21.1  38.3   2.079   1.7    .0
   1 1988 187 28000.  20.0  39.4   2.079   1.7    .0
   1 1988 188 28800.  18.3  38.9   2.079   1.7    .0
   1 1988 189 28100.  17.2  36.7   2.079   1.7    .0
   1 1988 190 29300.  15.6  37.2   2.079   1.7    .0
   1 1988 191 25400.  16.7  36.1   2.079   1.7    .0
   1 1988 192 28500.  16.1  37.2   2.079   1.7    .0
   1 1988 193 17600.  17.8  29.4   2.079   1.7    .0
   1 1988 194 24000.  17.8  34.4   2.079   1.7    .0
   1 1988 195 28400.  17.8  35.6   2.079   1.7    .0
   1 1988 196 28800.  18.3  35.0   2.079   1.7    .0
   1 1988 197 28500.  17.8  37.8   2.079   1.7    .0
   1 1988 198 28000.  17.8  39.4   2.079   1.7    .0
   1 1988 199 27800.  18.3  40.6   2.079   1.7    .0
   1 1988 200 27700.  20.0  37.2   2.079   1.7    .0
   1 1988 201 28500.  18.9  38.3   2.079   1.7    .0
   1 1988 202 27700.  19.4  37.2   2.079   1.7    .0
   1 1988 203 18800.  19.4  35.0   2.079   1.7    .0
   1 1988 204 23900.  18.9  30.6   2.079   1.7    .0
   1 1988 205 26100.  17.2  34.4   2.079   1.7    .0
   1 1988 206 20600.  17.8  30.0   2.079   1.7   1.0
   1 1988 207 24500.  16.1  31.7   2.079   1.7    .0
   1 1988 208 27500.  17.2  36.7   2.079   1.7    .0
   1 1988 209 26800.  17.8  37.2   2.079   1.7    .0
   1 1988 210 20300.  20.0  38.9   2.079   1.7    .0
   1 1988 211 21400.  22.8  37.8   2.079   1.7    .0
   1 1988 212 25900.  20.6  37.2   2.079   1.7    .0
   1 1988 213 27800.  18.3  36.7   2.180   1.4    .0
   1 1988 214 27000.  17.2  37.8   2.180   1.4    .0
   1 1988 215 24900.  21.1  36.7   2.180   1.4    .0
   1 1988 216 28900.  17.2  33.3   2.180   1.4    .0
   1 1988 217 27800.  13.9  36.1   2.180   1.4    .0
   1 1988 218 28300.  15.0  38.3   2.180   1.4    .0
   1 1988 219 24900.  16.7  37.8   2.180   1.4    .0
   1 1988 220 28200.  19.4  36.1   2.180   1.4    .0
   1 1988 221 27700.  17.8  35.0   2.180   1.4    .0
   1 1988 222 28300.  18.3  33.9   2.180   1.4    .0
   1 1988 223 27100.  16.7  32.8   2.180   1.4    .0
   1 1988 224 26100.  14.4  35.6   2.180   1.4    .0
   1 1988 225 27100.  17.2  35.6   2.180   1.4    .0
   1 1988 226 26700.  17.8  37.2   2.180   1.4    .0
   1 1988 227 26000.  20.0  37.2   2.180   1.4    .0
   1 1988 228 23100.  18.9  36.7   2.180   1.4    .0
   1 1988 229 25500.  17.2  34.4   2.180   1.4    .0
   1 1988 230 24400.  20.0  32.2   2.180   1.4    .0
   1 1988 231 26400.  17.2  34.4   2.180   1.4    .0
   1 1988 232 24900.  17.8  37.2   2.180   1.4    .0
   1 1988 233 23500.  17.8  40.6   2.180   1.4    .0
   1 1988 234 21900.  19.4  40.6   2.180   1.4    .0
   1 1988 235 26000.  16.7  37.2   2.180   1.4    .0
   1 1988 236 25900.  13.3  35.6   2.180   1.4    .0
   1 1988 237 23000.  15.6  35.0   2.180   1.4    .0
   1 1988 238 25200.  16.1  33.3   2.180   1.4    .0
   1 1988 239 25000.  17.8  32.8   2.180   1.4    .0
   1 1988 240 25400.  16.7  33.3   2.180   1.4    .0
   1 1988 241 24800.  12.8  33.3   2.180   1.4    .0
   1 1988 242 18300.  20.0  32.2   2.180   1.4    .0
   1 1988 243 19800.  21.7  32.8   2.180   1.4    .0
   1 1988 244 19400.  15.0  32.0   1.984   1.4    .0
   1 1988 245 19200.  15.0  31.0   1.984   1.4    .0
   1 1988 246 19000.  13.0  35.0   1.984   1.4    .0
   1 1988 247 18900.  14.0  37.0   1.984   1.4    .0
   1 1988 248 18700.  26.0  40.0   1.984   1.4    .0
   1 1988 249 18500.  26.0  44.0   1.984   1.4    .0
   1 1988 250 18400.  30.0  45.0   1.984   1.4    .0
   1 1988 251 18200.  22.0  44.0   1.984   1.4    .0
   1 1988 252 18000.  22.0  40.0   1.984   1.4    .0
   1 1988 253 17800.  21.0  39.0   1.984   1.4    .0
   1 1988 254 17700.  22.0  39.0   1.984   1.4    .0
   1 1988 255 17500.  22.0  37.0   1.984   1.4    .0
   1 1988 256 17300.  18.0  35.0   1.984   1.4    .0
   1 1988 257 17100.  16.0  27.0   1.984   1.4    .0
   1 1988 258 17000.  14.0  28.0   1.984   1.4    .0
   1 1988 259 16800.  13.0  28.0   1.984   1.4    .0
   1 1988 260 16700.  12.0  29.0   1.984   1.4    .0
   1 1988 261 16600.  16.0  29.0   1.984   1.4    .0
   1 1988 262 16500.  16.0  30.0   1.984   1.4    .0
   1 1988 263 16400.  12.0  30.0   1.984   1.4    .0
   1 1988 264 16200.  12.0  30.0   1.984   1.4    .0
   1 1988 265 16100.  12.0  30.0   1.984   1.4    .0
   1 1988 266 16000.  10.0  30.0   1.984   1.4    .0
   1 1988 267 15900.  12.0  32.0   1.984   1.4    .0
   1 1988 268 15800.  12.0  34.0   1.984   1.4    .0
   1 1988 269 15700.  16.0  36.0   1.984   1.4    .0
   1 1988 270 15600.  16.0  36.0   1.984   1.4    .0
   1 1988 271 15400.  15.0  36.0   1.984   1.4    .0
   1 1988 272 15300.  13.0  35.0   1.984   1.4    .0
   1 1988 273 15200.  12.0  32.0   1.984   1.4    .0
   1 1988 274 15100.  14.0  30.0   1.703   1.4    .0
   1 1988 275 15000.  16.0  30.0   1.703   1.4    .0
   1 1988 276 14900.  18.0  32.0   1.703   1.4    .0
   1 1988 277 14800.  18.0  31.0   1.703   1.4    .0
   1 1988 278 14600.  15.0  31.0   1.703   1.4    .0
   1 1988 279 14500.  15.0  32.0   1.703   1.4    .0
   1 1988 280 14400.  10.0  28.0   1.703   1.4    .0
   1 1988 281 14300.  15.0  30.0   1.703   1.4    .0
   1 1988 282 14200.  12.0  29.0   1.703   1.4    .0
   1 1988 283 14100.  18.0  28.0   1.703   1.4    .0
   1 1988 284 14000.   9.0  22.0   1.703   1.4   6.0
   1 1988 285 13900.   6.0  18.0   1.703   1.4    .0
   1 1988 286 13800.  11.0  21.0   1.703   1.4   3.0
   1 1988 287 13600.  10.0  15.0   1.703   1.4  30.0
   1 1988 288 13500.  11.0  19.0   1.703   1.4   3.0
   1 1988 289 13400.  10.0  17.0   1.703   1.4    .0
   1 1988 290 13300.  10.0  18.0   1.703   1.4  14.0
   1 1988 291 13200.  10.0  18.0   1.703   1.4  62.0
   1 1988 292 13100.  11.0  22.0   1.703   1.4    .0
   1 1988 293 13000.  10.0  22.0   1.703   1.4    .0
   1 1988 294 12900.  10.0  26.0   1.703   1.4    .0
   1 1988 295 12900.  10.0  25.0   1.703   1.4    .0
   1 1988 296 12800.  12.0  26.0   1.703   1.4    .0
   1 1988 297 12700.  12.0  30.0   1.703   1.4    .0
   1 1988 298 12600.  12.0  32.0   1.703   1.4    .0
   1 1988 299 12500.  12.0  32.0   1.703   1.4    .0
   1 1988 300 12400.  11.0  30.0   1.703   1.4    .0
   1 1988 301 12400.  11.0  30.0   1.703   1.4    .0
   1 1988 302 12300.  12.0  31.0   1.703   1.4    .0
   1 1988 303 12200.  14.0  25.0   1.703   1.4   7.0
   1 1988 304 12100.  12.0  22.0   1.703   1.4   4.0
   1 1988 305 12000.  13.0  23.0   1.253   1.4   3.0
   1 1988 306 11900.  16.0  24.0   1.253   1.4    .0
   1 1988 307 11800.  14.0  22.0   1.253   1.4    .0
   1 1988 308 11700.  15.0  23.0   1.253   1.4   3.0
   1 1988 309 11600.  15.0  25.0   1.253   1.4    .0
   1 1988 310 11600.  13.0  24.0   1.253   1.4    .0
   1 1988 311 11500.  12.0  22.0   1.253   1.4    .0
   1 1988 312 11400.  12.0  18.0   1.253   1.4    .0
   1 1988 313 11300.  13.0  22.0   1.253   1.4  87.0
   1 1988 314 11200.  14.0  24.0   1.253   1.4    .0
   1 1988 315 11100.  12.0  18.0   1.253   1.4  11.0
   1 1988 316 11100.   9.0  21.0   1.253   1.4    .0
   1 1988 317 11000.  10.0  21.0   1.253   1.4    .0
   1 1988 318 10900.  10.0  23.0   1.253   1.4    .0
   1 1988 319 10800.  10.0  22.0   1.253   1.4    .0
   1 1988 320 10700.  11.0  23.0   1.253   1.4    .0
   1 1988 321 10600.   9.0  24.0   1.253   1.4    .0
   1 1988 322 10400.   7.0  23.0   1.253   1.4    .0
   1 1988 323 10300.   4.0  21.0   1.253   1.4    .0
   1 1988 324 10100.   4.0  18.0   1.253   1.4   4.0
   1 1988 325 10000.  10.0  18.0   1.253   1.4    .0
   1 1988 326  9900.   6.0  16.0   1.253   1.4    .0
   1 1988 327  9700.   8.0  15.0   1.253   1.4   4.0
   1 1988 328  9600.   8.0  14.0   1.253   1.4    .0
   1 1988 329  9400.   9.0  11.0   1.253   1.4   4.0
   1 1988 330  9300.   6.0  16.0   1.253   1.4    .0
   1 1988 331  9100.   5.0  18.0   1.253   1.4    .0
   1 1988 332  9000.   3.0  18.0   1.253   1.4    .0
   1 1988 333  8900.   2.0  18.0   1.253   1.4    .0
   1 1988 334  8700.   3.0  15.0   1.253   1.4   5.0
   1 1988 335  8600.   5.0  18.0   1.073   1.4    .0
   1 1988 336  8400.   6.0  16.0   1.073   1.4    .0
   1 1988 337  8300.   4.0  17.0   1.073   1.4    .0
   1 1988 338  8100.   4.0  17.0   1.073   1.4    .0
   1 1988 339  8000.   2.0  18.0   1.073   1.4    .0
   1 1988 340  7900.   5.0  19.0   1.073   1.4    .0
   1 1988 341  7700.   2.0  16.0   1.073   1.4    .0
   1 1988 342  7600.   2.0  15.0   1.073   1.4    .0
   1 1988 343  7400.   1.0  15.0   1.073   1.4    .0
   1 1988 344  7300.    .0  17.0   1.073   1.4    .0
   1 1988 345  7200.   1.0  18.0   1.073   1.4    .0
   1 1988 346  7000.    .0  20.0   1.073   1.4    .0
   1 1988 347  6900.  -2.0  16.0   1.073   1.4    .0
   1 1988 348  6700.  -1.0  16.0   1.073   1.4    .0
   1 1988 349  6600.  -3.0  15.0   1.073   1.4    .0
   1 1988 350  6400.  -2.0  15.0   1.073   1.4    .0
   1 1988 351  6300.  -3.0  17.0   1.073   1.4    .0
   1 1988 352  6300.  -3.0  17.0   1.073   1.4    .0
   1 1988 353  6300.  -3.0  16.0   1.073   1.4    .0
   1 1988 354  6300.  -1.0  16.0   1.073   1.4    .0
   1 1988 355  6300.  -1.0  17.0   1.073   1.4    .0
   1 1988 356  6300.    .0  18.0   1.073   1.4    .0
   1 1988 357  6300.   2.0  16.0   1.073   1.4    .0
   1 1988 358  6300.   3.0  18.0   1.073   1.4    .0
   1 1988 359  6300.   4.0  18.0   1.073   1.4    .0
   1 1988 360  6300.   5.0  20.0   1.073   1.4    .0
   1 1988 361  6300.   5.0  20.0   1.073   1.4    .0
   1 1988 362  6300.   5.0  19.0   1.073   1.4    .0
   1 1988 363  6300.   5.0  19.0   1.073   1.4    .0
   1 1988 364  6300.   6.0  19.0   1.073   1.4    .0
   1 1988 365  6300.  -1.0  19.0   1.073   1.4    .0
   1 1988 366  6300.  -2.0  20.0   1.073   1.4    .0
   1 1989   1  4300.   7.8  16.1   1.014   1.4   4.3
   1 1989   2  7400.  10.0  15.6   1.014   1.4    .5
   1 1989   3  6100.   5.6  13.3   1.014   1.4    .0
   1 1989   4  9100.   2.2  12.8   1.014   1.4    .0
   1 1989   5  3800.   2.8   9.4   1.014   1.4   3.3
   1 1989   6  9600.   2.2  11.7   1.014   1.4    .0
   1 1989   7  3800.    .6   8.9   1.014   1.4  18.3
   1 1989   8  3800.   5.0   9.4   1.014   1.4   5.3
   1 1989   9  3800.   5.0  13.3   1.014   1.4    .0
   1 1989  10 10100.   2.2  15.0   1.014   1.4    .0
   1 1989  11 10400.   2.8  15.6   1.014   1.4    .0
   1 1989  12 10300.   2.2  15.6   1.014   1.4    .0
   1 1989  13 11200.   4.4  15.0   1.014   1.4    .0
   1 1989  14 11200.   1.7  16.1   1.014   1.4    .0
   1 1989  15 11100.    .6  15.6   1.014   1.4    .0
   1 1989  16  5800.   3.3  13.9   1.014   1.4    .0
   1 1989  17  9400.   1.1  14.4   1.014   1.4    .0
   1 1989  18 11500.   2.8  16.7   1.014   1.4    .0
   1 1989  19 11100.   2.8  17.2   1.014   1.4    .0
   1 1989  20  9400.    .6  15.6   1.014   1.4    .0
   1 1989  21  4200.   6.1  10.6   1.014   1.4    .5
   1 1989  22  8100.   6.7  13.9   1.014   1.4    .0
   1 1989  23  4600.   5.0  12.8   1.014   1.4    .0
   1 1989  24  8100.   8.9  17.2   1.014   1.4    .0
   1 1989  25 11400.   5.0  15.0   1.014   1.4    .0
   1 1989  26 12200.   1.7  13.9   1.014   1.4    .0
   1 1989  27 11900.    .0  15.0   1.014   1.4    .0
   1 1989  28  6100.   2.2  13.3   1.014   1.4   1.5
   1 1989  29  5200.   5.0  14.4   1.014   1.4  14.2
   1 1989  30 10700.   4.4  12.8   1.014   1.4    .0
   1 1989  31 12000.    .6  11.1   1.014   1.4    .0
   1 1989  32  7100.    .6  10.0   1.076   1.7   1.8
   1 1989  33  8200.   3.9  11.7   1.076   1.7    .0
   1 1989  34  4700.   1.1   7.8   1.076   1.7   1.0
   1 1989  35  6000.   3.3  11.1   1.076   1.7   5.1
   1 1989  36 10200.    .6  11.1   1.076   1.7    .0
   1 1989  37  9400.   2.2  11.7   1.076   1.7    .0
   1 1989  38  4900.   -.6  10.0   1.076   1.7   7.6
   1 1989  39  5000.   5.6  10.6   1.076   1.7    .5
   1 1989  40 13000.   1.1  11.7   1.076   1.7    .0
   1 1989  41 13800.  -1.1  12.8   1.076   1.7    .0
   1 1989  42  5100.   1.7   8.3   1.076   1.7    .5
   1 1989  43  8900.   5.0  10.6   1.076   1.7    .0
   1 1989  44  5200.   4.4  12.2   1.076   1.7  29.7
   1 1989  45  5900.  12.2  18.3   1.076   1.7   5.3
   1 1989  46  5600.  10.6  12.8   1.076   1.7   6.1
   1 1989  47  5900.  11.1  16.7   1.076   1.7   7.1
   1 1989  48 10100.   7.8  13.3   1.076   1.7   2.8
   1 1989  49  9700.   8.3  16.1   1.076   1.7    .0
   1 1989  50  9300.   7.2  15.0   1.076   1.7  11.2
   1 1989  51  7600.  10.0  13.9   1.076   1.7  13.2
   1 1989  52  6000.  10.6  15.6   1.076   1.7   1.5
   1 1989  53  6000.  10.0  16.7   1.076   1.7    .0
   1 1989  54 14300.   9.4  18.9   1.076   1.7    .0
   1 1989  55  5800.   8.9  13.3   1.076   1.7    .0
   1 1989  56 15000.   9.4  17.2   1.076   1.7    .0
   1 1989  57 15300.   6.1  18.3   1.076   1.7    .0
   1 1989  58 13800.   5.6  18.3   1.076   1.7    .0
   1 1989  59 10400.   6.1  18.3   1.076   1.7    .3
   1 1989  60  6200.  11.1  15.6   1.267   2.0   8.1
   1 1989  61 16500.   8.3  17.2   1.267   2.0    .5
   1 1989  62  8400.   8.3  17.8   1.267   2.0  14.2
   1 1989  63  6600.  10.6  15.0   1.267   2.0   7.9
   1 1989  64 13000.  10.6  18.9   1.267   2.0    .0
   1 1989  65 12500.  11.1  19.4   1.267   2.0    .0
   1 1989  66  7700.  10.6  14.4   1.267   2.0   5.8
   1 1989  67  7300.   8.3  13.3   1.267   2.0   6.1
   1 1989  68 11000.   7.2  16.1   1.267   2.0    .0
   1 1989  69 17100.   7.2  17.8   1.267   2.0    .0
   1 1989  70 17900.   3.9  17.8   1.267   2.0    .0
   1 1989  71 17500.   3.9  17.8   1.267   2.0   4.6
   1 1989  72 18000.   7.2  16.1   1.267   2.0    .0
   1 1989  73 18900.   2.8  17.2   1.267   2.0    .0
   1 1989  74 19000.   4.4  19.4   1.267   2.0    .0
   1 1989  75 17500.   4.4  19.4   1.267   2.0    .0
   1 1989  76 16200.   6.1  19.4   1.267   2.0    .0
   1 1989  77 11200.   8.9  18.9   1.267   2.0    .3
   1 1989  78 13700.   7.2  20.6   1.267   2.0    .0
   1 1989  79 19700.   6.7  22.2   1.267   2.0    .0
   1 1989  80 17900.   7.2  21.7   1.267   2.0    .0
   1 1989  81 20500.   4.4  20.6   1.267   2.0    .0
   1 1989  82 20100.   4.4  23.3   1.267   2.0    .0
   1 1989  83 15400.   7.2  21.1   1.267   2.0    .0
   1 1989  84 18100.   7.8  17.2   1.267   2.0    .0
   1 1989  85 20300.   2.2  17.2   1.267   2.0    .0
   1 1989  86 21400.   2.8  22.8   1.267   2.0    .0
   1 1989  87 18400.   3.9  22.2   1.267   2.0    .0
   1 1989  88 21500.   3.3  20.0   1.267   2.0    .0
   1 1989  89 21100.   3.9  22.2   1.267   2.0    .0
   1 1989  90 21800.   4.4  24.4   1.267   2.0    .0
   1 1989  91 20900.   5.6  26.1   1.406   1.7    .0
   1 1989  92  8200.  10.6  15.6   1.406   1.7   8.4
   1 1989  93 15800.   9.4  18.3   1.406   1.7    .0
   1 1989  94 19600.   7.2  19.4   1.406   1.7    .0
   1 1989  95  8400.   7.8  13.3   1.406   1.7   4.6
   1 1989  96 10900.  10.6  16.1   1.406   1.7   4.6
   1 1989  97 10600.   5.6  13.3   1.406   1.7    .0
   1 1989  98 19400.   1.7  13.3   1.406   1.7   2.3
   1 1989  99 21700.   3.9  16.1   1.406   1.7    .0
   1 1989 100 18700.   2.8  18.9   1.406   1.7    .0
   1 1989 101 15400.   5.0  17.8   1.406   1.7   1.8
   1 1989 102 11000.   3.9  12.8   1.406   1.7    .0
   1 1989 103 24200.    .0  17.2   1.406   1.7    .0
   1 1989 104  9000.   5.0  17.8   1.406   1.7   4.1
   1 1989 105 19300.   7.8  17.2   1.406   1.7    .0
   1 1989 106 13400.   7.2  17.8   1.406   1.7    .5
   1 1989 107 21600.   6.1  17.2   1.406   1.7    .0
   1 1989 108 24000.   2.8  17.2   1.406   1.7    .0
   1 1989 109 22900.    .6  19.4   1.406   1.7    .0
   1 1989 110 25900.   4.4  21.7   1.406   1.7    .0
   1 1989 111 23800.   5.6  20.0   1.406   1.7   1.3
   1 1989 112 15100.  10.6  19.4   1.406   1.7    .0
   1 1989 113 12500.   8.3  17.2   1.406   1.7   2.0
   1 1989 114 17400.  10.0  19.4   1.406   1.7  12.7
   1 1989 115 16300.   8.3  18.3   1.406   1.7   2.0
   1 1989 116 18600.   6.7  15.0   1.406   1.7   4.1
   1 1989 117 26000.   2.8  19.4   1.406   1.7    .0
   1 1989 118 24100.   6.7  20.6   1.406   1.7    .0
   1 1989 119 24500.   5.6  24.4   1.406   1.7    .0
   1 1989 120 27400.   8.3  27.2   1.406   1.7    .0
   1 1989 121 27500.   8.3  27.8   1.566   1.7    .0
   1 1989 122 26500.   8.9  26.1   1.566   1.7    .0
   1 1989 123 27000.   7.8  22.2   1.566   1.7    .0
   1 1989 124 12900.   7.2  18.3   1.566   1.7   7.9
   1 1989 125 10200.  12.8  17.8   1.566   1.7   1.8
   1 1989 126 19200.  11.1  21.7   1.566   1.7    .0
   1 1989 127 26900.   7.8  23.9   1.566   1.7    .0
   1 1989 128 27400.   7.2  28.3   1.566   1.7    .0
   1 1989 129 28200.   9.4  32.8   1.566   1.7    .0
   1 1989 130 28800.  12.2  33.3   1.566   1.7    .0
   1 1989 131 27600.  12.8  34.4   1.566   1.7    .0
   1 1989 132 28000.  12.8  33.3   1.566   1.7    .0
   1 1989 133 22400.  12.8  30.0   1.566   1.7    .0
   1 1989 134 22700.  13.3  26.7   1.566   1.7    .0
   1 1989 135 25800.   9.4  30.0   1.566   1.7    .0
   1 1989 136 23600.  15.6  31.1   1.566   1.7    .0
   1 1989 137 28700.  13.9  32.8   1.566   1.7    .0
   1 1989 138 15700.  16.7  32.8   1.566   1.7    .0
   1 1989 139 23700.  16.7  31.7   1.566   1.7    .0
   1 1989 140 23600.  17.8  30.6   1.566   1.7    .0
   1 1989 141 28000.  11.7  31.7   1.566   1.7    .0
   1 1989 142 25300.  15.6  33.3   1.566   1.7    .0
   1 1989 143 16400.  16.1  30.0   1.566   1.7    .0
   1 1989 144 14400.  17.2  34.4   1.566   1.7    .0
   1 1989 145 26500.  16.7  36.7   1.566   1.7    .0
   1 1989 146 28500.  16.7  34.4   1.566   1.7    .0
   1 1989 147 28800.  14.4  36.1   1.566   1.7    .0
   1 1989 148 25500.  16.1  34.4   1.566   1.7    .0
   1 1989 149 28700.  16.1  31.1   1.566   1.7    .0
   1 1989 150 11100.  13.9  20.0   1.566   1.7   4.8
   1 1989 151 29200.  11.1  27.2   1.566   1.7    .0
   1 1989 152 26000.  11.7  31.7   1.886   1.7    .0
   1 1989 153 26100.  13.9  31.7   1.886   1.7    .0
   1 1989 154 28000.  14.4  31.7   1.886   1.7    .0
   1 1989 155 28400.  14.4  32.2   1.886   1.7    .0
   1 1989 156 28600.  14.4  32.8   1.886   1.7    .0
   1 1989 157 11200.  17.2  23.9   1.886   1.7  17.5
   1 1989 158 11700.  17.2  23.3   1.886   1.7    .0
   1 1989 159 27300.  14.4  30.0   1.886   1.7    .0
   1 1989 160 29000.  16.1  32.8   1.886   1.7    .0
   1 1989 161 27600.  16.1  31.7   1.886   1.7    .0
   1 1989 162 29600.  14.4  33.9   1.886   1.7    .0
   1 1989 163 29500.  15.6  37.2   1.886   1.7    .0
   1 1989 164 30200.  17.8  37.2   1.886   1.7    .0
   1 1989 165 29800.  16.1  34.4   1.886   1.7    .0
   1 1989 166 28300.  18.3  31.7   1.886   1.7    .0
   1 1989 167 30000.  16.1  31.7   1.886   1.7    .0
   1 1989 168 23500.  17.2  32.2   1.886   1.7    .0
   1 1989 169 26300.  17.8  33.9   1.886   1.7    .0
   1 1989 170 28600.  18.3  30.0   1.886   1.7    .0
   1 1989 171 19100.  18.9  28.3   1.886   1.7    .0
   1 1989 172 29700.  12.2  27.8   1.886   1.7    .0
   1 1989 173 29700.  11.7  27.8   1.886   1.7    .0
   1 1989 174 26400.  14.4  28.3   1.886   1.7    .0
   1 1989 175 28800.  14.4  32.2   1.886   1.7    .0
   1 1989 176 28500.  16.1  32.8   1.886   1.7    .0
   1 1989 177 28100.  17.2  30.6   1.886   1.7    .0
   1 1989 178 26900.  16.7  35.0   1.886   1.7    .0
   1 1989 179 29200.  16.7  35.0   1.886   1.7    .0
   1 1989 180 30200.  14.4  32.8   1.886   1.7    .0
   1 1989 181 29900.  16.1  34.4   1.886   1.7    .0
   1 1989 182 26000.  16.1  36.7   2.079   1.7    .0
   1 1989 183 28300.  18.3  36.7   2.079   1.7    .0
   1 1989 184 27900.  18.9  36.1   2.079   1.7    .0
   1 1989 185 27800.  20.0  37.8   2.079   1.7    .0
   1 1989 186 27900.  21.1  38.3   2.079   1.7    .0
   1 1989 187 28000.  20.0  39.4   2.079   1.7    .0
   1 1989 188 28800.  18.3  38.9   2.079   1.7    .0
   1 1989 189 28100.  17.2  36.7   2.079   1.7    .0
   1 1989 190 29300.  15.6  37.2   2.079   1.7    .0
   1 1989 191 25400.  16.7  36.1   2.079   1.7    .0
   1 1989 192 28500.  16.1  37.2   2.079   1.7    .0
   1 1989 193 17600.  17.8  29.4   2.079   1.7    .0
   1 1989 194 24000.  17.8  34.4   2.079   1.7    .0
   1 1989 195 28400.  17.8  35.6   2.079   1.7    .0
   1 1989 196 28800.  18.3  35.0   2.079   1.7    .0
   1 1989 197 28500.  17.8  37.8   2.079   1.7    .0
   1 1989 198 28000.  17.8  39.4   2.079   1.7    .0
   1 1989 199 27800.  18.3  40.6   2.079   1.7    .0
   1 1989 200 27700.  20.0  37.2   2.079   1.7    .0
   1 1989 201 28500.  18.9  38.3   2.079   1.7    .0
   1 1989 202 27700.  19.4  37.2   2.079   1.7    .0
   1 1989 203 18800.  19.4  35.0   2.079   1.7    .0
   1 1989 204 23900.  18.9  30.6   2.079   1.7    .0
   1 1989 205 26100.  17.2  34.4   2.079   1.7    .0
   1 1989 206 20600.  17.8  30.0   2.079   1.7   1.0
   1 1989 207 24500.  16.1  31.7   2.079   1.7    .0
   1 1989 208 27500.  17.2  36.7   2.079   1.7    .0
   1 1989 209 26800.  17.8  37.2   2.079   1.7    .0
   1 1989 210 20300.  20.0  38.9   2.079   1.7    .0
   1 1989 211 21400.  22.8  37.8   2.079   1.7    .0
   1 1989 212 25900.  20.6  37.2   2.079   1.7    .0
   1 1989 213 27800.  18.3  36.7   2.180   1.4    .0
   1 1989 214 27000.  17.2  37.8   2.180   1.4    .0
   1 1989 215 24900.  21.1  36.7   2.180   1.4    .0
   1 1989 216 28900.  17.2  33.3   2.180   1.4    .0
   1 1989 217 27800.  13.9  36.1   2.180   1.4    .0
   1 1989 218 28300.  15.0  38.3   2.180   1.4    .0
   1 1989 219 24900.  16.7  37.8   2.180   1.4    .0
   1 1989 220 28200.  19.4  36.1   2.180   1.4    .0
   1 1989 221 27700.  17.8  35.0   2.180   1.4    .0
   1 1989 222 28300.  18.3  33.9   2.180   1.4    .0
   1 1989 223 27100.  16.7  32.8   2.180   1.4    .0
   1 1989 224 26100.  14.4  35.6   2.180   1.4    .0
   1 1989 225 27100.  17.2  35.6   2.180   1.4    .0
   1 1989 226 26700.  17.8  37.2   2.180   1.4    .0
   1 1989 227 26000.  20.0  37.2   2.180   1.4    .0
   1 1989 228 23100.  18.9  36.7   2.180   1.4    .0
   1 1989 229 25500.  17.2  34.4   2.180   1.4    .0
   1 1989 230 24400.  20.0  32.2   2.180   1.4    .0
   1 1989 231 26400.  17.2  34.4   2.180   1.4    .0
   1 1989 232 24900.  17.8  37.2   2.180   1.4    .0
   1 1989 233 23500.  17.8  40.6   2.180   1.4    .0
   1 1989 234 21900.  19.4  40.6   2.180   1.4    .0
   1 1989 235 26000.  16.7  37.2   2.180   1.4    .0
   1 1989 236 25900.  13.3  35.6   2.180   1.4    .0
   1 1989 237 23000.  15.6  35.0   2.180   1.4    .0
   1 1989 238 25200.  16.1  33.3   2.180   1.4    .0
   1 1989 239 25000.  17.8  32.8   2.180   1.4    .0
   1 1989 240 25400.  16.7  33.3   2.180   1.4    .0
   1 1989 241 24800.  12.8  33.3   2.180   1.4    .0
   1 1989 242 18300.  20.0  32.2   2.180   1.4    .0
   1 1989 243 19800.  21.7  32.8   2.180   1.4    .0
   1 1989 244 19400.  15.0  32.0   1.984   1.4    .0
   1 1989 245 19200.  15.0  31.0   1.984   1.4    .0
   1 1989 246 19000.  13.0  35.0   1.984   1.4    .0
   1 1989 247 18900.  14.0  37.0   1.984   1.4    .0
   1 1989 248 18700.  26.0  40.0   1.984   1.4    .0
   1 1989 249 18500.  26.0  44.0   1.984   1.4    .0
   1 1989 250 18400.  30.0  45.0   1.984   1.4    .0
   1 1989 251 18200.  22.0  44.0   1.984   1.4    .0
   1 1989 252 18000.  22.0  40.0   1.984   1.4    .0
   1 1989 253 17800.  21.0  39.0   1.984   1.4    .0
   1 1989 254 17700.  22.0  39.0   1.984   1.4    .0
   1 1989 255 17500.  22.0  37.0   1.984   1.4    .0
   1 1989 256 17300.  18.0  35.0   1.984   1.4    .0
   1 1989 257 17100.  16.0  27.0   1.984   1.4    .0
   1 1989 258 17000.  14.0  28.0   1.984   1.4    .0
   1 1989 259 16800.  13.0  28.0   1.984   1.4    .0
   1 1989 260 16700.  12.0  29.0   1.984   1.4    .0
   1 1989 261 16600.  16.0  29.0   1.984   1.4    .0
   1 1989 262 16500.  16.0  30.0   1.984   1.4    .0
   1 1989 263 16400.  12.0  30.0   1.984   1.4    .0
   1 1989 264 16200.  12.0  30.0   1.984   1.4    .0
   1 1989 265 16100.  12.0  30.0   1.984   1.4    .0
   1 1989 266 16000.  10.0  30.0   1.984   1.4    .0
   1 1989 267 15900.  12.0  32.0   1.984   1.4    .0
   1 1989 268 15800.  12.0  34.0   1.984   1.4    .0
   1 1989 269 15700.  16.0  36.0   1.984   1.4    .0
   1 1989 270 15600.  16.0  36.0   1.984   1.4    .0
   1 1989 271 15400.  15.0  36.0   1.984   1.4    .0
   1 1989 272 15300.  13.0  35.0   1.984   1.4    .0
   1 1989 273 15200.  12.0  32.0   1.984   1.4    .0
   1 1989 274 15100.  14.0  30.0   1.703   1.4    .0
   1 1989 275 15000.  16.0  30.0   1.703   1.4    .0
   1 1989 276 14900.  18.0  32.0   1.703   1.4    .0
   1 1989 277 14800.  18.0  31.0   1.703   1.4    .0
   1 1989 278 14600.  15.0  31.0   1.703   1.4    .0
   1 1989 279 14500.  15.0  32.0   1.703   1.4    .0
   1 1989 280 14400.  10.0  28.0   1.703   1.4    .0
   1 1989 281 14300.  15.0  30.0   1.703   1.4    .0
   1 1989 282 14200.  12.0  29.0   1.703   1.4    .0
   1 1989 283 14100.  18.0  28.0   1.703   1.4    .0
   1 1989 284 14000.   9.0  22.0   1.703   1.4   6.0
   1 1989 285 13900.   6.0  18.0   1.703   1.4    .0
   1 1989 286 13800.  11.0  21.0   1.703   1.4   3.0
   1 1989 287 13600.  10.0  15.0   1.703   1.4  30.0
   1 1989 288 13500.  11.0  19.0   1.703   1.4   3.0
   1 1989 289 13400.  10.0  17.0   1.703   1.4    .0
   1 1989 290 13300.  10.0  18.0   1.703   1.4  14.0
   1 1989 291 13200.  10.0  18.0   1.703   1.4  62.0
   1 1989 292 13100.  11.0  22.0   1.703   1.4    .0
   1 1989 293 13000.  10.0  22.0   1.703   1.4    .0
   1 1989 294 12900.  10.0  26.0   1.703   1.4    .0
   1 1989 295 12900.  10.0  25.0   1.703   1.4    .0
   1 1989 296 12800.  12.0  26.0   1.703   1.4    .0
   1 1989 297 12700.  12.0  30.0   1.703   1.4    .0
   1 1989 298 12600.  12.0  32.0   1.703   1.4    .0
   1 1989 299 12500.  12.0  32.0   1.703   1.4    .0
   1 1989 300 12400.  11.0  30.0   1.703   1.4    .0
   1 1989 301 12400.  11.0  30.0   1.703   1.4    .0
   1 1989 302 12300.  12.0  31.0   1.703   1.4    .0
   1 1989 303 12200.  14.0  25.0   1.703   1.4   7.0
   1 1989 304 12100.  12.0  22.0   1.703   1.4   4.0
   1 1989 305 12000.  13.0  23.0   1.253   1.4   3.0
   1 1989 306 11900.  16.0  24.0   1.253   1.4    .0
   1 1989 307 11800.  14.0  22.0   1.253   1.4    .0
   1 1989 308 11700.  15.0  23.0   1.253   1.4   3.0
   1 1989 309 11600.  15.0  25.0   1.253   1.4    .0
   1 1989 310 11600.  13.0  24.0   1.253   1.4    .0
   1 1989 311 11500.  12.0  22.0   1.253   1.4    .0
   1 1989 312 11400.  12.0  18.0   1.253   1.4    .0
   1 1989 313 11300.  13.0  22.0   1.253   1.4  87.0
   1 1989 314 11200.  14.0  24.0   1.253   1.4    .0
   1 1989 315 11100.  12.0  18.0   1.253   1.4  11.0
   1 1989 316 11100.   9.0  21.0   1.253   1.4    .0
   1 1989 317 11000.  10.0  21.0   1.253   1.4    .0
   1 1989 318 10900.  10.0  23.0   1.253   1.4    .0
   1 1989 319 10800.  10.0  22.0   1.253   1.4    .0
   1 1989 320 10700.  11.0  23.0   1.253   1.4    .0
   1 1989 321 10600.   9.0  24.0   1.253   1.4    .0
   1 1989 322 10400.   7.0  23.0   1.253   1.4    .0
   1 1989 323 10300.   4.0  21.0   1.253   1.4    .0
   1 1989 324 10100.   4.0  18.0   1.253   1.4   4.0
   1 1989 325 10000.  10.0  18.0   1.253   1.4    .0
   1 1989 326  9900.   6.0  16.0   1.253   1.4    .0
   1 1989 327  9700.   8.0  15.0   1.253   1.4   4.0
   1 1989 328  9600.   8.0  14.0   1.253   1.4    .0
   1 1989 329  9400.   9.0  11.0   1.253   1.4   4.0
   1 1989 330  9300.   6.0  16.0   1.253   1.4    .0
   1 1989 331  9100.   5.0  18.0   1.253   1.4    .0
   1 1989 332  9000.   3.0  18.0   1.253   1.4    .0
   1 1989 333  8900.   2.0  18.0   1.253   1.4    .0
   1 1989 334  8700.   3.0  15.0   1.253   1.4   5.0
   1 1989 335  8600.   5.0  18.0   1.073   1.4    .0
   1 1989 336  8400.   6.0  16.0   1.073   1.4    .0
   1 1989 337  8300.   4.0  17.0   1.073   1.4    .0
   1 1989 338  8100.   4.0  17.0   1.073   1.4    .0
   1 1989 339  8000.   2.0  18.0   1.073   1.4    .0
   1 1989 340  7900.   5.0  19.0   1.073   1.4    .0
   1 1989 341  7700.   2.0  16.0   1.073   1.4    .0
   1 1989 342  7600.   2.0  15.0   1.073   1.4    .0
   1 1989 343  7400.   1.0  15.0   1.073   1.4    .0
   1 1989 344  7300.    .0  17.0   1.073   1.4    .0
   1 1989 345  7200.   1.0  18.0   1.073   1.4    .0
   1 1989 346  7000.    .0  20.0   1.073   1.4    .0
   1 1989 347  6900.  -2.0  16.0   1.073   1.4    .0
   1 1989 348  6700.  -1.0  16.0   1.073   1.4    .0
   1 1989 349  6600.  -3.0  15.0   1.073   1.4    .0
   1 1989 350  6400.  -2.0  15.0   1.073   1.4    .0
   1 1989 351  6300.  -3.0  17.0   1.073   1.4    .0
   1 1989 352  6300.  -3.0  17.0   1.073   1.4    .0
   1 1989 353  6300.  -3.0  16.0   1.073   1.4    .0
   1 1989 354  6300.  -1.0  16.0   1.073   1.4    .0
   1 1989 355  6300.  -1.0  17.0   1.073   1.4    .0
   1 1989 356  6300.    .0  18.0   1.073   1.4    .0
   1 1989 357  6300.   2.0  16.0   1.073   1.4    .0
   1 1989 358  6300.   3.0  18.0   1.073   1.4    .0
   1 1989 359  6300.   4.0  18.0   1.073   1.4    .0
   1 1989 360  6300.   5.0  20.0   1.073   1.4    .0
   1 1989 361  6300.   5.0  20.0   1.073   1.4    .0
   1 1989 362  6300.   5.0  19.0   1.073   1.4    .0
   1 1989 363  6300.   5.0  19.0   1.073   1.4    .0
   1 1989 364  6300.   6.0  19.0   1.073   1.4    .0
   1 1989 365  6300.  -1.0  19.0   1.073   1.4    .0
